21,10
21,9
21,8
21,7
21,6
21,5
21,4
21,3
21,2
21,1
21,0
19,6
19,5
19,4
19,3
19,2
19,1
19,0
18,5
18,4
18,3
18,2
18,1
18,0
17,8
17,7
17,6
17,5
17,4
17,3
17,2
17,1
17,0
16,4
16,3
16,2
16,1
16,0
4,3
4,2
4,1
4,0
3,6
3,5
3,4
3,3
3,2
3,1
3,0
2,13
2,12
2,10
2,9
2,8
2,7
2,6
2,5
2,4
2,2
1,2
0,448
0,441
0,440
0,438
0,431
0,430
0,428
0,424
0,422
0,421
0,418
0,415
0,408
0,388
0,385
0,383
0,381
0,379
0,371
0,370
0,369
0,367
0,362
22,1
0,361
22,16
22,3
0,358
0,353
22,0
0,350
70,5
70,1
0,344
70,3
0,342
0,397
0,340
0,351
0,335
70,0
0,333
0,331
1,1
0,323
1,3
0,322
0,314
1,0
0,306
2,1
0,243
2,11
2,3
2,0
0,9
0,310
0,305
0,375
0,380
0,308
0,304
0,303
0,302
0,307
0,389
0,12
0,348
0,10
0,8
0,0
0,318
0,300
0,390
0,299
0,394
0,298
0,341
0,297
0,429
0,296
0,396
0,295
0,391
0,294
0,417
0,293
0,347
0,292
0,319
0,291
0,426
0,290
0,316
0,289
0,288
0,401
0,287
0,320
0,286
0,338
0,285
0,309
0,284
0,420
0,283
0,387
0,282
0,398
0,281
0,464
0,280
0,317
21,11
22,2
22,5
22,6
22,8
22,9
22,11
22,13
22,14
22,17
22,18
22,20
23,0
23,1
23,3
24,0
24,2
24,3
25,1
25,3
25,4
25,6
26,0
26,2
26,4
26,5
27,0
27,1
27,3
28,0
28,2
28,4
28,5
28,7
28,8
28,10
28,12
28,13
29,0
29,1
29,3
29,4
29,6
29,8
29,9
30,1
30,2
31,0
31,2
31,3
31,5
31,6
31,8
32,0
32,1
32,3
32,4
33,0
33,1
33,3
34,1
34,2
34,4
34,5
34,7
34,9
35,0
35,2
35,3
35,5
36,0
36,2
36,4
36,5
37,1
37,2
37,4
38,0
38,1
38,3
38,4
39,0
39,1
39,3
39,5
40,0
40,2
40,3
40,5
41,1
41,2
41,4
41,5
42,1
42,3
42,4
43,0
43,1
43,3
43,4
44,0
44,2
44,3
44,5
45,0
45,2
45,4
45,5
46,1
46,2
46,4
46,5
47,1
47,3
47,4
48,0
48,1
48,3
48,5
49,0
49,2
49,3
49,5
50,0
50,2
50,4
50,5
51,1
51,2
51,4
51,6
51,7
52,0
52,1
52,3
52,4
53,0
53,2
53,3
53,5
53,6
54,0
54,2
54,3
54,5
55,0
55,2
55,4
56,0
56,2
56,3
56,5
56,6
59,0
59,2
59,3
60,0
60,1
60,3
63,1
63,2
63,4
63,5
63,7
63,8
63,10
64,1
64,2
65,0
65,1
65,3
66,1
66,2
67,0
67,1
67,3
67,4
68,1
68,3
68,4
69,0
69,1
69,3
70,4
70,6
72,1
72,2
72,4
72,6
73,0
73,2
73,3
73,5
73,6
74,1
74,3
74,4
74,6
74,7
74,9
74,11
74,12
74,14
74,15
75,1
75,2
75,4
76,0
76,1
76,3
77,0
77,2
78,0
78,1
78,3
80,0
80,2
80,3
80,5
80,7
81,0
81,2
81,3
81,5
82,1
82,2
82,4
82,5
83,1
83,2
84,0
84,2
84,3
85,1
85,2
85,4
85,6
85,7
86,1
86,2
87,0
87,2
87,3
88,1
88,2
88,4
89,0
89,2
91,0
91,1
91,3
91,4
91,6
92,1
92,2
92,4
92,5
92,7
92,8
92,10
92,12
92,13
93,1
93,2
93,4
93,6
93,7
93,9
93,10
93,12
93,13
93,15
93,17
94,0
94,2
94,3
95,0
95,2
95,3
95,5
95,6
95,8
96,0
96,1
96,3
97,0
97,2
97,3
97,5
97,7
97,8
97,10
98,0
98,2
98,4
98,5
98,7
99,0
99,2
99,3
99,4
99,1
98,6
98,3
98,1
97,9
97,6
97,4
97,1
96,2
95,9
95,7
95,4
95,1
94,4
94,1
93,16
93,14
93,11
93,8
93,5
93,3
93,0
92,11
92,9
92,6
92,3
92,0
91,5
91,2
89,3
89,1
88,3
88,0
87,1
86,3
86,0
85,5
85,3
85,0
84,1
83,3
83,0
82,3
82,0
81,4
81,1
80,6
80,4
80,1
78,2
77,3
77,1
76,2
75,5
75,3
75,0
74,13
74,10
74,8
74,5
74,2
74,0
73,4
73,1
72,5
72,3
72,0
70,2
69,2
68,5
68,2
68,0
67,2
66,3
66,0
65,2
64,3
64,0
63,9
63,6
63,3
63,0
60,2
59,4
59,1
56,7
56,4
56,1
55,3
55,1
54,4
54,1
53,7
53,4
53,1
52,5
52,2
51,8
51,5
51,3
51,0
50,3
50,1
49,4
49,1
48,4
48,2
47,5
47,2
47,0
46,3
46,0
45,3
45,1
44,4
44,1
43,5
43,2
42,5
42,2
42,0
41,3
41,0
40,4
40,1
39,4
39,2
38,5
38,2
37,5
37,3
37,0
36,3
36,1
35,4
35,1
34,8
34,6
34,3
34,0
33,2
32,5
32,2
31,9
31,7
31,4
31,1
30,3
30,0
29,7
29,5
29,2
28,14
28,11
28,9
28,6
28,3
28,1
27,2
26,6
26,3
26,1
25,5
25,2
25,0
24,1
23,2
22,21
22,19
22,15
22,12
22,10
22,7
22,4
0,279
0,463
0,278
0,328
0,277
0,321
0,276
0,411
0,275
0,462
0,274
0,425
0,273
0,423
0,272
0,337
0,271
0,270
0,461
0,269
0,436
0,268
0,433
0,267
0,266
0,346
0,265
0,407
0,264
0,451
0,263
0,363
0,262
0,460
0,261
0,435
0,260
0,384
0,259
0,414
0,258
0,257
0,434
0,256
0,255
0,360
0,254
0,253
0,373
0,252
0,404
0,251
0,450
0,250
0,249
0,459
0,248
0,301
0,247
0,406
0,246
0,245
0,386
0,244
0,313
0,242
0,458
0,241
0,376
0,240
0,449
0,239
0,311
0,238
0,343
0,237
0,236
0,403
0,235
0,409
0,234
0,457
0,233
0,329
0,232
0,456
0,231
0,368
0,230
0,229
0,228
0,227
0,330
0,226
0,355
0,225
0,357
0,224
0,382
0,223
0,339
0,222
0,378
0,221
0,395
0,220
0,427
0,219
0,410
0,218
0,374
0,217
0,445
0,216
0,392
0,215
0,315
0,214
0,345
0,213
0,455
0,212
0,442
0,211
0,312
0,210
0,336
0,209
0,377
0,208
0,446
0,207
0,332
0,206
0,465
0,205
0,454
0,204
0,334
0,203
0,443
0,202
0,327
0,201
0,402
0,200
0,400
0,199
0,419
0,198
0,405
0,197
0,453
0,196
0,447
0,195
0,326
0,194
0,325
0,193
0,356
0,192
0,432
0,63
0,452
0,62
0,324
0,61
0,359
0,60
0,352
0,59
0,354
0,58
0,439
0,57
0,372
0,56
0,55
0,365
0,54
0,53
0,416
0,52
0,444
0,51
0,364
0,50
0,399
0,49
0,413
0,48
0,437
0,47
0,412
0,46
0,393
0,45
0,349
0,6
0,5
0,1
0,366
0,11
0,4
0,2
0,3
0,7
